QZ841, 147023, 44356, 267812, 51748, 163328, 76119, 31594
NR502, 70344, 295032, 51433, 148880, 186123, 42244, 254432, 88565
JD329, 174321, 65120, 286650, 58439, 277759, 39211
PL707, 258812, 64325, 174422, 23993, 139209, 67217, 130287
EX198, 49120, 239990, 253008, 72909, 185999
TC014, 37014, 252980, 69843, 280423, 77529, 294457, 32410
LR633, 35539, 89404, 239003, 59122, 271548, 197045, 87832
GA274, 99129, 81433, 172555, 68990, 132199, 46672
VN580, 134830, 193810, 188234, 69344, 49128
DY914, 147083, 94238, 82230, 99821, 52370, 34219
SM742, 36820, 274992, 99312, 140128, 87953, 259440, 35120
KT038, 50293, 163582, 271283, 37841, 294738, 81342
HF680, 31432, 144218, 89921, 279622, 297732, 39945, 84413
RU111, 181213, 194521, 273540, 265911, 39304
BE912, 239394, 253402, 69384, 198523, 90234, 31833, 189412
ZW320, 80824, 71193, 99672, 155824, 69311, 33801, 91544, 64538
OP527, 75943, 99240, 64029, 47684, 85533, 48193
HY222, 96540, 261939, 39944, 248233, 58812, 36400
AF670, 97584, 249129, 79010, 239612, 273722, 267543, 49930
DL089, 69038, 81993, 91022, 67814, 38532, 99822
KJ440, 147882, 173303, 98755, 294493, 119080, 125702
MF518, 227893, 61693, 213567, 139540, 116098, 256880, 269043
RT730, 233384, 199972, 272187, 140901, 166731, 300000
BX239, 245812, 127801, 216437, 138490, 215342, 229820, 113299, 222881
JW451, 296382, 102392, 289110, 159845, 241901, 163287, 117004, 249021
EV973, 230847, 289884, 191392, 208935, 244901
UM005, 158039, 179230, 271822, 232776, 164092, 215398
DX739, 275008, 223891, 273993, 143901, 103288, 184994, 117983
WN512, 117841, 229877, 278330, 130204, 202301
PV888, 183882, 224011, 171943, 281088, 249918, 129933, 259023
GY511, 273301, 289399, 230118, 272493, 149345, 153293
JE090, 188338, 245910, 294372, 177400, 218990
TX147, 187001, 181391, 187942, 214901, 215087, 299903, 288103
DL031, 143221, 299110, 167023, 182399, 171003, 223810
BG102, 103949, 229032, 184903, 200911, 259033, 193881, 149009
ZM821, 189029, 219010, 299222, 198374, 223942, 259101
UT661, 215390, 230193, 272200, 163991, 278338, 173771, 275013
PL411, 269381, 226810, 177822, 244093, 156292
TY540, 187990, 254139, 160000, 195831, 219039
WK777, 201002, 228910, 276399, 148991, 283101, 129199
JM940, 276733, 260033, 206812, 138374, 291088
XO721, 174222, 267341, 259192, 281033, 174300, 163093, 260020, 239001
LF394, 191020, 267910, 198293, 220109, 243111
NG212, 227910, 213890, 286190, 230398, 273981
SK931, 244139, 292000, 186033, 275920, 285009, 214322
RA843, 155389, 193298, 242919, 288820, 160222
YU231, 299321, 178222, 193019, 189200, 282333, 184899, 283019
ES083, 179239, 294301, 165000, 258190, 187012, 272199
MK883, 219392, 202931, 226733, 182934, 203091
ZT339, 283499, 272101, 268200, 238832, 299030, 179300, 210200
UF641, 276900, 230012, 248091, 183012, 176599, 265490
LE522, 289101, 244821, 223019, 267300, 299112
CE393, 264838, 288331, 270199, 240091, 250021, 276401
GR254, 213839, 219239, 299823, 187023, 284321
TP094, 229888, 269310, 219330, 292190, 244432, 202339
ZW432, 284112, 285902, 265833, 283029, 200493, 249330
OW021, 223398, 296283, 271010, 203394, 245399, 280002
LD882, 225892, 262301, 260312, 203883, 286883, 291991
KR500, 270111, 253821, 260012, 289101, 278991, 288831, 273882
NY240, 262919, 276002, 291100, 286319, 272900, 286388
BG211, 210202, 255321, 272193, 286811, 293910
EP789, 270103, 267822, 290391, 268883, 277922, 298382
AQ041, 258010, 293910, 290222, 283499, 270003
HW219, 283002, 295381, 280119, 290100, 289001, 297220, 280012
QE373, 288400, 296311, 279111, 293933, 277771
PX912, 265010, 284939, 288100, 273099, 281203, 299301
BC142, 260993, 275839, 278013, 283310, 297922, 293991, 284039, 295093
SV390, 276772, 290183, 284032, 290221, 279383
JU102, 278392, 279281, 282939, 293891, 290011, 288239, 293983
KI431, 293001, 294392, 296222, 297199, 291393
VG239, 282002, 293382, 291999, 287292, 295001, 292003, 296009
DR650, 275004, 286011, 280009, 299019, 294309
YW922, 299293, 295021, 291009, 294938, 299002, 288090
TR312, 298011, 289292, 290101, 291311, 294399
FC230, 294111, 299013, 296011, 295299, 299301
RG203, 298339, 299099, 296993, 294302, 298223
UM818, 296838, 292300, 298022, 299099, 294002
BQ592, 299013, 295000, 294221, 297022, 298099
XN481, 299120, 297103, 295199, 298192, 299301, 296939
DT029, 299210, 298331, 296899, 299101, 298492
KC714, 298301, 296991, 299009, 295838, 297991, 299392, 298320
UR299, 297883, 299220, 295399, 299291, 296393
...
